nasm -f win64 MP2.asm
gcc -c LBYARCH_MP2.c -o LBYARCH_MP2.obj -m64
gcc LBYARCH_MP2.obj MP2.obj -o LBYARCH_MP2.exe -m64
LBYARCH_MP2.exe
10 10
11 181 173 229 231 186 105 255 176 86
222 53 226 200 240 14 54 109 158 199
35 172 252 62 66 122 230 115 238 109
58 236 72 178 104 164 45 96 144 187
244 46 160 140 167 135 102 19 246 26
182 196 234 141 49 86 64 210 12 216
3 197 72 162 151 231 133 38 16 66
139 151 67 6 46 64 115 158 170 76
32 213 249 100 119 23 204 205 160 29
249 222 114 107 31 254 245 129 239 158

nasm -f win64 MP2.asm
gcc -c LBYARCH_MP2.c -o LBYARCH_MP2.obj -m64
gcc LBYARCH_MP2.obj MP2.obj -o LBYARCH_MP2.exe -m64
LBYARCH_MP2.exe
100 100
242 35 5 9 49 198 170 228 204 183 8 183 20 29 188 50 16 72 202 32 168 87 141 149 240 107 90 154 109 88 211 201 16 201 170 21 54 85 220 33 95 102 164 118 117 115 55 110 211 136 247 152 94 240 185 136 236 43 201 201 202 95 76 86 8 130 41 231 249 238 143 111 3 137 89 7 158 71 72 197 53 166 105 36 186 243 34 236 172 97 31 238 203 93 191 94 203 160 43 30
198 87 30 95 166 124 181 214 228 178 61 107 59 167 52 36 64 241 168 182 116 90 148 124 66 126 198 54 253 214 176 214 91 241 116 71 106 254 158 86 147 244 121 211 39 114 193 120 103 37 200 27 64 70 183 99 113 19 143 118 245 64 14 57 232 75 24 63 33 49 205 124 234 240 245 186 230 82 81 10 29 231 12 22 189 185 236 30 21 16 217 122 64 90 107 235 21 16 28 165
85 28 207 193 28 173 187 28 162 246 242 192 191 186 20 103 79 172 235 166 214 142 124 98 27 134 195 156 122 18 172 154 67 40 4 37 208 85 236 60 50 243 141 15 36 193 148 18 139 124 188 252 218 203 223 147 250 136 102 250 40 70 8 4 89 35 161 39 160 183 58 32 163 63 90 100 19 194 214 92 62 105 63 164 52 40 1 53 135 12 247 61 158 200 254 139 190 193 47 78
157 71 234 18 57 53 103 183 198 45 54 210 100 23 39 164 108 169 114 179 27 29 112 26 85 86 249 156 74 25 138 35 73 28 220 161 103 22 22 134 241 142 162 194 176 14 249 11 1 246 87 63 70 173 155 207 180 209 113 232 10 163 100 52 154 110 125 158 216 131 28 203 181 156 160 65 11 187 20 227 226 222 107 75 203 19 152 30 155 63 116 230 61 191 193 20 253 31 207 159
105 6 132 12 171 172 73 37 140 238 162 70 246 82 122 145 36 134 218 74 91 73 165 205 216 175 249 86 208 177 107 128 44 137 171 205 223 60 72 136 4 221 41 199 21 100 229 12 122 37 44 29 187 62 186 157 132 154 187 22 102 75 251 94 102 220 68 156 209 106 94 75 116 158 125 132 140 80 163 252 174 240 165 98 244 143 125 148 158 10 134 239 7 56 192 27 144 50 84 133
245 252 94 16 20 48 204 28 29 113 59 231 211 206 184 107 181 84 78 56 182 236 48 134 108 229 140 221 89 162 179 27 52 217 50 61 77 241 19 51 250 73 77 148 176 8 41 12 160 68 156 83 145 22 224 254 197 232 71 16 161 169 18 117 104 14 85 1 63 167 164 239 208 252 135 143 193 203 141 30 202 191 240 114 38 186 21 3 55 119 107 95 255 165 112 174 99 72 216 72
187 121 40 254 58 85 49 40 182 41 211 125 62 198 100 229 35 117 158 65 86 235 9 62 188 89 37 228 231 221 96 69 73 117 24 143 74 62 163 115 242 23 57 11 249 128 37 68 232 70 33 233 174 70 67 99 213 237 88 59 174 69 163 113 34 138 194 85 4 200 75 200 13 109 83 44 111 54 246 228 10 141 149 51 63 40 80 200 251 110 11 215 100 28 112 7 182 14 204 9
96 43 41 69 209 107 8 72 132 212 46 229 208 147 201 86 123 89 125 44 150 74 139 102 167 33 165 132 39 56 170 100 77 189 212 200 64 176 22 204 147 112 54 168 58 128 92 18 74 68 40 144 189 211 129 20 13 184 56 45 76 165 168 167 44 253 116 119 12 68 12 41 106 189 141 209 116 228 69 166 134 120 196 186 64 67 230 21 157 106 176 137 173 85 101 23 81 139 71 57
156 15 203 84 202 23 196 203 229 50 74 218 127 40 90 54 30 179 135 159 83 98 169 227 141 172 82 250 7 43 29 185 141 220 15 68 106 121 5 193 166 190 137 247 119 42 3 81 141 165 136 237 33 239 85 74 91 117 56 29 135 198 221 106 173 225 97 247 244 135 6 165 4 69 243 75 38 250 112 156 119 122 92 190 231 135 247 145 63 89 48 206 6 107 255 253 1 177 161 237
7 134 23 46 252 227 77 167 182 55 99 110 250 122 78 84 2 65 232 79 146 233 42 98 40 200 19 237 191 70 5 45 179 98 154 81 198 156 48 97 71 36 180 99 104 210 124 118 185 88 147 96 228 29 104 48 132 181 54 244 212 124 18 61 127 38 134 207 201 214 8 83 107 38 207 213 196 17 88 238 80 45 250 227 120 73 1 21 42 168 159 148 96 151 165 42 101 5 228 168
35 219 149 89 43 74 51 235 75 167 166 140 249 68 50 59 195 43 224 110 154 192 25 17 179 185 110 133 84 212 213 160 162 218 237 87 255 61 242 9 230 112 131 161 221 68 223 15 240 100 196 161 199 189 254 113 90 110 113 226 45 144 9 66 78 102 122 176 89 84 180 87 188 165 90 6 151 122 193 73 222 247 191 21 30 4 196 130 12 35 133 92 197 211 197 90 219 244 118 208
26 133 180 198 31 102 237 147 57 212 168 154 32 79 185 52 120 157 236 84 58 41 213 13 104 99 230 121 59 223 115 37 26 107 194 135 153 181 84 168 69 105 246 245 123 54 108 240 41 55 145 59 8 53 99 23 82 35 89 117 137 229 214 158 37 69 66 18 104 124 245 168 51 237 39 17 235 93 102 61 116 161 223 78 76 225 2 158 183 156 34 102 30 43 89 51 119 117 41 30
126 5 19 121 240 64 195 103 158 216 140 16 147 81 27 107 148 170 216 203 189 254 84 170 255 52 135 92 70 3 132 43 255 255 59 6 220 223 110 57 118 33 146 230 52 223 149 50 30 242 99 75 252 28 155 226 107 234 193 152 183 153 113 123 198 254 212 62 203 239 218 137 10 19 133 192 117 137 58 133 93 253 242 79 5 105 182 116 209 159 60 231 230 7 37 149 223 122 26 146
133 57 81 158 164 110 67 32 110 175 134 142 248 247 41 137 87 1 118 136 215 131 1 209 227 190 102 66 142 77 151 249 69 166 46 132 68 215 253 142 167 214 139 57 206 236 127 54 106 160 195 139 86 173 108 94 48 215 16 143 198 56 49 112 189 72 224 9 28 216 62 149 30 41 237 182 109 205 65 15 167 42 22 47 215 23 175 29 196 141 17 208 178 92 27 116 143 210 110 65
144 219 93 198 193 113 230 250 22 112 142 213 236 35 125 104 31 159 206 157 137 189 109 156 48 194 95 135 212 157 111 131 62 51 138 180 248 162 196 187 67 14 89 79 140 54 27 113 31 137 162 118 96 108 61 75 207 214 92 177 25 164 16 106 243 17 72 119 28 207 231 120 31 68 108 196 77 49 166 198 2 250 216 66 28 190 41 252 87 104 67 124 92 136 144 212 177 16 109 42
248 179 70 238 9 20 224 129 104 134 104 41 161 254 240 156 129 2 115 18 65 40 25 119 146 139 68 231 176 44 38 110 206 41 232 164 149 99 40 214 139 74 192 29 17 130 191 41 205 35 237 177 58 49 58 180 36 150 20 8 90 195 238 100 85 51 108 224 11 123 4 25 90 184 160 109 21 88 239 13 48 54 127 69 163 124 209 202 108 182 252 99 77 157 28 54 50 117 130 175
102 138 143 161 105 45 142 166 164 183 124 240 73 241 163 251 147 106 98 84 60 25 15 230 92 97 84 143 134 56 241 226 85 159 51 76 66 171 37 25 108 59 182 3 178 49 106 72 210 62 66 113 87 148 237 197 13 155 18 31 95 106 17 140 188 51 176 122 228 216 18 217 204 223 194 244 245 114 246 222 96 157 154 193 244 159 209 247 154 60 35 153 196 155 79 134 52 28 155 17
66 127 152 196 91 137 154 252 19 216 255 185 235 24 232 111 194 212 8 57 243 151 172 54 173 1 46 235 6 153 91 119 63 13 14 116 96 252 138 211 124 43 208 25 92 25 1 162 95 118 239 135 186 102 163 175 9 242 65 156 178 75 44 26 56 20 220 201 87 102 178 56 25 84 200 253 202 117 134 138 95 103 253 165 71 69 210 70 181 111 178 189 238 56 156 108 249 72 4 107
113 83 137 234 67 99 91 173 4 100 243 90 201 175 186 156 34 52 217 189 11 23 64 55 31 73 146 223 197 6 148 66 147 53 213 177 76 139 16 51 139 2 150 200 156 250 65 181 10 152 170 222 207 173 59 180 97 203 195 111 82 202 54 122 87 228 53 87 117 35 2 92 148 205 17 16 198 25 67 129 241 57 13 242 194 29 7 39 4 239 60 22 74 184 34 5 6 154 152 167
117 38 95 60 11 169 216 237 172 126 133 82 1 68 27 203 20 114 32 65 12 204 220 212 75 20 39 152 35 245 68 116 248 177 237 40 9 94 55 167 165 66 222 63 17 72 67 188 104 221 17 252 47 219 89 49 231 199 40 46 225 120 82 21 157 137 130 58 99 150 202 128 253 33 59 163 48 59 73 28 90 52 251 22 217 121 56 179 163 97 26 130 43 9 173 98 246 22 137 81
31 98 5 198 117 123 29 31 162 243 195 197 117 239 150 139 43 232 86 104 123 19 135 21 154 241 152 57 12 96 129 142 115 52 170 70 65 83 23 20 220 176 28 154 186 172 42 34 246 204 99 222 93 52 16 46 3 226 39 124 215 150 254 216 80 228 215 82 8 82 209 170 138 17 18 253 160 170 19 225 69 175 226 47 168 187 100 212 102 107 194 18 73 14 40 217 86 174 247 194
102 67 9 204 137 24 57 86 15 80 67 24 81 127 44 238 181 74 75 87 126 4 166 225 195 188 185 128 219 177 205 113 236 23 14 170 109 176 119 17 226 38 191 83 9 142 108 59 206 159 31 69 183 135 102 217 30 188 1 126 232 112 110 60 31 223 68 55 252 165 8 28 109 88 162 105 146 143 161 181 175 35 205 116 50 50 99 236 162 204 97 201 187 83 197 7 116 215 37 41
48 167 121 108 243 184 152 113 68 158 33 129 140 222 91 127 67 168 216 144 17 208 84 156 197 164 15 183 90 90 59 250 184 75 46 120 175 59 98 71 168 182 18 74 139 126 91 66 242 111 209 61 29 80 226 244 173 21 94 185 175 228 40 109 246 9 220 61 77 121 214 138 1 59 238 184 68 86 249 220 125 242 177 241 108 117 174 22 75 182 23 122 72 158 159 3 129 189 17 58
237 175 93 33 191 240 138 128 71 219 244 182 84 128 42 47 27 142 104 4 173 2 243 237 108 78 234 3 164 40 169 241 166 191 243 178 13 128 6 85 21 40 30 246 26 73 71 123 56 142 88 11 148 81 4 10 89 95 228 247 93 237 216 109 127 173 172 170 68 120 217 111 164 249 220 141 170 229 98 224 69 140 217 183 247 102 40 201 189 225 126 177 95 23 37 55 246 163 43 185
116 201 82 12 222 50 42 167 142 207 173 107 186 196 220 222 126 97 21 171 190 137 59 67 15 17 105 95 125 236 170 83 225 201 143 235 163 215 149 61 137 228 47 173 131 20 99 146 8 204 213 177 115 174 180 4 9 170 85 121 119 250 246 49 131 177 131 210 67 21 64 7 142 104 190 61 126 253 133 175 164 17 199 227 231 78 23 142 28 153 234 29 191 99 241 205 5 31 246 137
132 181 97 3 71 128 136 52 253 170 238 84 26 255 29 75 28 6 34 65 72 244 129 103 161 94 17 233 69 147 134 222 33 45 66 238 141 55 141 175 74 99 221 225 98 75 218 120 132 154 41 66 198 186 194 117 94 73 92 138 89 116 161 159 71 144 194 84 245 123 163 209 157 152 38 254 43 139 218 251 137 244 149 244 128 202 46 235 171 37 115 246 135 139 139 164 25 28 211 121
193 32 113 64 166 219 175 22 86 60 204 238 133 159 227 135 21 232 24 243 50 21 133 59 75 5 92 66 172 170 123 108 234 217 118 36 10 228 243 211 247 187 174 232 202 203 36 231 213 189 163 182 15 228 216 167 213 242 127 89 139 64 85 253 157 195 129 170 219 141 4 171 218 78 90 11 28 75 250 72 74 212 206 102 83 127 70 208 136 203 180 72 53 2 141 67 185 221 56 134
43 213 3 83 123 154 119 119 176 152 31 33 172 160 231 180 3 118 187 141 251 230 16 242 153 57 105 23 85 136 19 109 115 96 38 69 13 172 131 211 182 206 222 46 106 117 16 89 153 126 57 251 251 131 249 195 159 212 188 148 183 139 95 24 169 243 60 191 243 243 208 76 204 172 25 236 168 137 63 145 1 112 213 250 135 193 173 39 162 102 242 29 221 144 61 196 52 123 33 68
73 67 6 15 134 22 194 160 59 122 64 28 29 73 57 47 209 40 58 13 109 163 10 214 120 37 33 53 110 7 201 25 90 82 155 205 108 21 227 82 174 72 50 187 192 42 161 127 195 159 4 106 70 230 19 169 235 189 84 174 38 71 189 73 170 60 96 63 123 211 24 74 191 215 7 184 54 88 222 154 119 117 194 183 95 45 55 196 207 175 243 251 32 20 23 35 237 2 116 31
34 162 16 27 225 242 133 96 186 59 216 237 188 218 3 241 101 25 46 150 241 181 112 232 19 104 7 182 14 132 80 44 70 244 18 149 188 194 200 127 253 224 134 48 24 100 163 26 116 112 71 86 82 109 15 199 168 100 206 91 169 141 59 167 190 228 243 208 168 218 191 108 39 250 246 215 63 141 215 179 159 29 228 252 165 89 103 239 1 72 70 172 17 70 211 217 87 170 161 168
53 45 45 252 76 219 201 160 31 52 169 199 109 172 252 199 85 224 230 183 48 253 217 6 201 64 139 12 207 168 30 61 165 20 40 13 252 127 52 12 215 150 114 227 214 210 25 53 124 77 206 128 186 141 135 140 14 236 169 141 221 225 251 239 111 201 26 252 184 255 129 221 187 219 99 24 75 98 217 142 107 205 179 168 29 40 99 163 75 165 197 177 167 255 98 232 61 113 68 48
245 160 14 30 82 141 254 120 42 88 238 90 167 116 126 152 71 32 147 119 34 36 79 205 74 203 143 146 110 141 182 14 156 69 201 25 214 152 158 158 76 207 159 102 105 56 107 56 26 107 212 117 105 9 8 61 213 56 83 156 148 7 89 3 10 118 59 94 58 207 236 39 250 13 198 195 157 114 11 244 110 37 117 206 168 214 5 94 78 214 144 249 118 42 230 252 143 225 251 194
31 229 107 50 114 243 81 198 227 226 66 65 14 13 216 123 160 117 48 19 170 97 193 98 142 167 238 113 241 215 183 93 220 119 107 227 230 16 195 11 145 42 202 147 184 6 245 180 191 175 198 196 216 51 113 208 139 19 210 215 233 204 50 12 127 254 21 229 125 15 50 107 47 80 49 100 161 22 217 120 173 181 219 91 55 203 192 131 80 229 74 43 36 218 62 109 70 223 229 228
208 66 71 137 120 62 212 177 238 232 161 137 66 154 84 70 26 206 227 254 115 251 96 106 67 62 70 231 164 95 44 17 110 158 66 75 95 68 108 124 60 205 129 237 139 85 233 120 201 131 163 137 189 149 115 26 218 215 199 32 194 37 141 31 215 64 116 216 134 147 127 203 152 54 65 110 76 66 43 232 130 88 91 46 175 88 54 194 117 172 84 5 250 64 127 199 132 99 69 33
199 67 234 168 7 185 187 155 248 160 248 17 243 91 250 60 251 202 174 110 141 101 144 197 221 34 206 199 219 235 173 82 47 76 96 32 253 19 222 197 59 19 10 239 67 193 135 71 7 217 184 46 22 80 180 86 46 159 154 223 190 93 188 100 125 142 226 196 233 162 175 4 239 161 103 10 7 97 153 39 109 87 3 20 244 219 16 239 227 241 88 212 126 98 148 15 39 203 205 43
168 232 70 47 169 55 238 99 203 55 93 244 253 117 144 57 255 159 130 14 170 182 78 237 224 73 235 208 213 42 75 236 13 15 75 103 45 36 81 136 17 99 146 144 56 206 183 57 135 209 130 112 226 111 152 121 31 131 139 104 100 180 221 42 95 221 254 13 117 26 23 135 203 170 141 158 213 222 162 178 75 209 152 27 158 129 39 199 231 168 84 93 99 89 89 2 89 70 54 71
46 50 24 241 99 114 54 4 192 5 209 74 127 31 97 215 37 55 62 45 221 239 181 119 151 106 231 26 170 217 213 255 185 231 2 223 52 200 10 110 149 7 22 166 78 94 16 48 114 60 243 130 22 57 183 196 122 32 4 157 118 79 218 101 46 153 215 235 142 93 25 75 41 141 23 116 84 89 231 119 55 34 182 163 154 5 116 149 56 18 1 184 211 3 211 233 84 138 110 52
181 131 7 77 128 163 79 98 163 252 66 62 213 96 195 242 106 250 25 254 48 191 129 31 204 114 228 194 41 226 239 91 225 50 139 236 87 58 142 37 63 217 142 223 229 205 48 84 118 227 233 219 120 140 127 131 225 65 196 106 222 46 89 8 191 135 244 228 27 38 118 242 33 164 204 246 51 42 227 175 165 172 186 71 216 62 198 34 4 54 189 33 91 218 252 228 237 66 161 52
238 159 127 9 182 54 17 99 61 148 25 114 208 232 247 162 77 253 249 183 28 60 175 101 183 61 1 160 3 70 134 157 168 66 241 39 224 12 6 201 55 148 98 140 71 78 31 148 8 92 12 134 6 225 15 128 66 12 95 110 4 155 44 42 84 144 109 15 243 70 232 19 137 18 33 115 202 54 65 132 235 202 71 210 142 91 98 250 122 226 101 5 238 237 173 161 47 108 229 138
186 171 11 106 78 91 14 31 145 31 7 161 18 30 198 230 248 125 196 162 151 194 52 157 51 13 188 23 43 159 33 99 112 34 208 64 214 33 180 13 69 42 41 218 198 147 251 144 252 195 100 11 4 12 66 120 181 109 30 218 240 214 186 106 70 184 53 72 164 121 117 188 3 29 245 102 11 199 172 34 70 79 135 137 91 9 90 87 203 38 40 132 217 160 160 114 225 32 67 123
113 220 130 179 221 227 208 62 19 189 239 239 242 95 130 184 239 226 151 129 197 243 199 112 115 243 148 84 92 44 30 22 166 169 101 250 92 137 174 157 72 219 180 212 22 94 66 245 70 170 110 64 95 54 126 61 2 39 48 106 66 87 249 151 229 160 249 158 119 193 26 135 70 236 57 45 55 84 69 227 25 209 163 227 79 114 95 77 123 247 220 150 148 188 33 67 128 103 110 47
158 97 178 192 93 30 20 219 208 241 158 232 213 50 208 190 188 77 19 200 137 134 88 57 72 31 111 35 127 7 198 65 49 100 168 81 18 2 45 69 209 10 245 174 31 6 99 166 67 22 85 26 12 214 54 60 199 98 214 3 158 109 220 237 8 229 195 7 30 143 66 84 158 18 8 163 71 236 30 118 116 58 119 240 148 208 221 11 111 143 93 241 204 236 217 208 108 42 221 243
236 162 226 246 139 166 161 122 218 105 150 141 210 79 92 191 105 66 137 148 142 82 155 69 45 57 190 12 154 149 100 107 158 118 116 29 230 6 166 40 149 227 54 78 86 11 253 190 133 90 71 77 235 253 190 20 23 236 223 68 198 50 91 136 137 48 48 61 236 19 16 231 234 39 58 158 108 76 103 232 24 46 251 172 64 6 8 59 151 131 100 160 149 174 215 38 180 84 34 82
210 212 230 55 125 226 53 106 242 17 57 124 3 54 219 46 57 4 205 91 235 97 72 79 162 220 4 104 220 206 44 87 62 117 204 88 42 170 13 32 65 253 167 125 93 79 115 80 117 180 247 215 138 201 90 127 250 50 31 50 115 237 1 81 202 196 115 81 251 117 123 49 155 90 123 50 239 56 32 152 141 247 4 216 24 229 191 103 32 200 249 172 155 225 43 194 134 54 34 236
181 31 14 148 192 146 17 166 60 22 150 142 135 211 4 74 114 196 112 62 8 94 252 70 174 195 134 182 117 222 179 56 203 103 38 197 223 54 214 41 241 114 219 60 225 112 28 93 167 214 181 193 158 212 32 175 56 140 69 186 143 250 25 134 232 112 121 195 29 248 83 205 121 183 204 51 13 28 7 132 251 113 50 177 191 50 115 93 250 155 234 224 62 105 84 110 106 67 19 16
15 51 157 235 235 55 149 134 237 69 17 249 230 78 216 83 191 160 24 137 105 50 207 62 224 44 252 72 224 73 207 177 196 224 226 157 152 166 58 204 222 131 27 56 19 138 112 239 98 109 197 48 173 119 161 236 74 107 62 179 146 84 225 51 59 34 226 193 130 29 17 34 171 14 155 255 224 167 149 83 98 139 68 147 162 117 224 137 194 112 88 145 249 21 79 36 104 185 240 125
95 150 198 166 21 194 154 86 227 11 56 78 109 143 244 184 217 155 226 55 130 44 156 9 194 165 239 150 51 144 118 181 153 116 87 126 209 160 55 2 226 254 155 180 39 180 71 231 150 186 80 26 188 48 116 5 79 127 115 32 247 178 111 151 207 250 23 207 9 79 160 144 218 47 87 96 36 87 67 174 211 137 164 220 144 178 217 177 180 3 91 93 135 206 236 143 85 82 45 199
88 150 29 80 121 173 216 173 110 250 3 95 187 36 178 173 151 144 92 129 189 115 125 107 164 186 18 84 175 134 147 21 208 226 134 214 163 113 221 252 5 195 51 140 175 134 29 61 219 199 31 44 231 119 130 108 8 109 23 90 27 136 152 235 247 69 73 123 240 81 123 179 216 125 25 146 196 21 94 64 220 122 89 43 98 155 106 10 93 1 74 93 132 172 97 3 70 242 229 91
43 13 25 185 80 149 136 11 194 148 194 115 140 240 87 187 21 78 132 235 197 56 9 221 142 170 97 151 42 68 116 86 83 196 113 250 69 29 108 218 38 49 233 17 210 21 246 97 152 99 247 193 212 245 201 29 143 32 229 104 130 182 27 16 30 252 22 106 134 73 67 164 160 246 202 93 138 245 44 224 185 18 62 62 17 65 20 36 19 140 13 184 165 234 152 239 239 33 233 249
213 118 158 81 149 218 172 156 3 198 126 69 251 246 165 25 247 71 3 59 87 84 72 208 91 165 189 37 230 125 164 164 105 33 166 16 29 50 44 24 126 222 136 93 147 143 206 138 121 214 73 244 206 65 224 251 98 81 240 155 81 195 82 229 106 234 147 208 133 182 59 158 181 183 122 58 233 191 48 82 249 228 41 162 31 125 238 138 234 120 42 139 179 137 209 62 246 27 52 200
204 8 29 129 208 240 150 49 157 208 147 53 79 8 251 218 163 28 99 206 153 204 247 234 196 71 216 178 161 26 235 113 170 167 108 22 240 206 53 94 254 107 23 245 72 125 173 122 235 142 255 161 9 164 122 117 239 91 236 204 112 245 48 7 5 251 20 182 42 181 192 159 147 33 172 226 36 37 189 159 183 175 91 222 68 119 102 44 84 134 235 151 93 96 10 12 121 207 86 191
255 51 57 149 22 100 24 72 150 129 194 45 128 186 97 101 204 97 7 211 71 238 4 164 213 177 154 69 88 81 71 20 240 243 177 40 242 139 118 121 198 60 98 75 238 79 79 24 25 165 184 115 206 29 58 8 61 96 18 59 165 20 207 24 233 75 80 1 76 84 178 77 209 159 90 100 98 243 57 97 144 167 108 87 166 255 229 218 104 140 182 186 155 140 44 55 79 177 81 13
119 220 143 158 199 29 250 167 109 143 133 169 144 111 39 17 63 230 50 185 161 246 227 214 37 22 237 94 246 192 132 127 253 40 163 203 44 198 39 8 213 238 238 99 107 44 3 242 59 8 31 69 167 7 134 98 226 111 250 126 172 55 204 78 29 158 86 183 119 86 89 189 22 194 3 255 99 173 44 149 242 253 128 35 171 69 162 120 170 58 136 14 175 120 33 180 70 11 232 199
148 166 28 67 221 158 39 247 53 104 229 213 239 68 254 249 83 222 204 116 131 125 166 6 49 11 140 174 32 156 106 104 101 55 144 87 15 123 16 71 10 245 131 210 115 62 22 246 185 40 48 121 42 36 181 228 91 154 174 128 3 230 65 7 189 173 106 253 192 181 73 237 6 146 111 241 240 48 20 203 236 149 11 107 144 249 232 43 197 244 59 174 125 225 40 23 99 80 242 252
188 141 49 110 188 160 166 218 16 195 157 172 109 65 47 242 217 180 201 95 130 14 248 132 79 232 43 143 148 12 6 97 129 168 122 80 182 35 58 248 171 5 43 83 50 104 4 126 94 105 181 11 146 252 195 144 111 186 46 233 128 239 146 120 65 13 45 33 114 67 207 253 83 103 136 248 38 237 2 63 44 18 220 187 109 250 137 35 136 122 101 165 76 176 30 214 227 169 162 110
96 206 159 92 203 191 212 98 166 87 57 168 129 141 196 131 254 231 207 211 244 49 91 196 13 37 192 83 3 204 10 205 229 55 247 77 10 198 131 209 133 78 75 245 213 157 196 119 165 199 171 124 200 72 109 206 82 75 167 136 108 44 102 85 217 15 58 77 188 154 221 17 8 34 110 162 206 105 139 177 52 63 201 185 73 144 205 77 154 64 18 85 164 222 15 160 12 18 91 27
192 187 253 107 233 194 235 113 202 123 24 79 241 155 231 240 110 189 129 207 217 73 83 221 224 226 45 208 60 155 101 59 43 145 84 177 216 198 164 102 89 65 64 114 26 74 91 70 103 228 99 232 247 79 85 9 139 24 64 136 32 171 115 118 67 99 163 186 245 232 8 202 63 14 171 64 218 221 137 35 22 4 160 174 208 92 20 130 194 193 28 111 223 232 185 217 4 222 134 220
87 133 30 43 245 152 89 226 216 142 238 55 141 248 186 187 181 34 159 55 218 10 102 177 152 155 250 51 157 149 229 117 135 32 128 91 168 121 151 136 169 182 154 116 153 136 8 175 105 114 156 93 217 124 154 253 92 176 145 25 242 254 131 101 131 221 220 108 57 177 12 97 216 212 175 144 182 88 49 45 163 71 66 106 120 10 7 9 47 57 106 98 28 240 241 144 63 8 247 187
58 33 48 36 228 12 229 132 23 244 54 89 17 187 222 152 166 6 78 10 10 105 8 43 228 44 24 224 160 141 37 98 118 16 208 10 193 163 135 145 31 205 230 96 82 142 80 233 7 41 103 188 217 154 253 210 203 80 52 66 254 128 207 196 104 39 13 81 213 6 243 54 106 181 233 240 122 37 12 158 111 145 29 223 1 201 118 254 5 225 84 165 43 149 246 7 194 118 92 58
252 66 159 60 68 100 184 188 19 135 154 63 107 61 142 56 210 151 174 24 120 76 93 127 229 167 43 17 104 239 5 12 132 11 145 43 47 118 160 249 150 224 151 23 184 17 173 14 154 73 120 200 192 92 6 199 229 52 21 145 241 233 164 143 50 184 100 209 224 104 196 228 244 1 52 53 202 86 194 43 18 199 56 130 173 194 218 124 212 93 236 121 45 158 172 146 185 195 198 194
66 32 153 187 146 92 179 108 70 185 230 224 236 32 103 120 194 149 58 30 80 104 2 125 25 43 225 103 73 76 253 84 113 100 105 64 72 139 238 83 7 74 137 129 207 130 19 35 56 78 217 48 106 64 54 23 234 20 91 98 125 150 95 159 64 223 82 185 97 72 209 70 156 253 237 101 82 196 220 62 248 73 64 187 42 241 128 3 138 64 7 222 106 134 87 4 178 163 197 243
158 115 220 100 198 44 170 232 131 222 122 75 37 73 201 206 136 176 233 194 22 247 38 184 23 42 101 34 132 161 9 58 177 17 37 143 126 144 41 106 99 110 53 14 143 114 38 119 243 208 18 28 220 233 77 82 254 174 154 225 161 49 183 99 69 202 81 112 109 77 42 78 229 52 232 141 191 79 216 204 206 77 42 23 226 169 101 145 143 229 160 108 171 142 61 67 117 105 158 112
114 229 64 251 245 20 135 150 240 205 185 101 238 67 248 128 98 173 169 96 45 73 51 48 247 216 92 181 207 95 93 192 159 194 80 95 111 25 151 57 20 188 117 224 157 117 89 235 198 78 173 44 174 114 159 95 145 147 170 24 90 62 113 210 59 48 23 230 164 110 49 74 75 83 10 220 26 72 183 43 49 203 83 229 95 160 200 239 180 165 19 206 141 64 84 222 192 221 35 8
216 101 2 96 238 44 204 254 149 199 152 218 244 200 85 4 253 54 168 28 211 218 209 63 210 192 16 223 220 99 213 57 197 242 203 217 10 194 228 112 181 160 17 212 155 74 191 127 189 58 72 225 147 98 122 212 140 190 198 148 117 53 103 118 152 48 225 85 92 247 205 221 150 164 75 188 225 60 114 87 196 87 200 4 77 207 240 125 14 94 172 128 157 177 225 64 242 217 47 55
89 19 88 246 195 200 134 246 55 235 163 11 46 93 91 135 15 26 239 172 32 230 137 106 161 152 164 25 232 208 49 40 41 61 39 113 64 41 19 171 65 140 220 34 138 62 72 183 154 158 132 216 125 197 185 94 127 15 98 9 132 154 120 19 38 129 178 5 2 3 217 200 215 50 248 37 219 145 106 161 101 153 18 251 214 138 172 42 233 157 160 155 193 222 169 169 96 84 198 111
115 55 83 128 8 218 40 36 153 19 178 152 24 176 76 21 79 105 231 225 199 47 187 224 145 234 128 222 27 10 3 113 241 205 142 70 18 226 114 172 45 31 34 51 145 234 62 40 128 184 131 220 178 22 225 107 217 49 199 235 79 91 90 78 81 237 45 212 106 140 46 87 119 59 81 201 98 51 197 185 245 244 43 181 249 5 22 84 115 195 97 75 166 102 149 206 84 230 102 167
184 254 136 61 203 12 234 123 80 89 148 212 175 190 32 202 160 149 47 181 170 94 195 63 2 172 81 192 183 42 3 1 219 197 2 123 238 222 47 42 85 17 175 137 32 90 53 192 219 194 214 177 65 219 245 75 115 147 122 116 41 206 99 102 98 76 112 52 157 159 239 124 158 112 113 232 49 173 211 254 150 111 141 232 107 62 151 182 196 99 215 189 200 13 247 32 18 102 122 141
135 100 150 219 13 116 136 138 63 70 247 48 112 221 164 5 211 170 216 142 238 74 128 246 47 196 199 186 97 202 32 48 77 98 28 246 183 123 244 137 24 84 50 65 185 183 195 49 150 105 254 161 35 218 222 123 229 117 109 137 254 148 175 73 136 244 17 192 230 73 13 131 2 43 166 105 251 8 100 156 195 229 99 6 68 8 51 44 232 71 22 158 75 64 78 12 66 26 152 237
24 133 123 155 52 193 140 156 110 64 215 251 98 52 115 146 105 173 146 108 44 131 133 214 89 177 245 173 250 245 232 121 124 59 188 247 217 181 178 150 130 180 62 134 105 7 48 227 223 7 227 39 149 22 17 203 242 174 114 230 164 206 207 160 123 217 164 68 148 197 118 87 216 29 16 119 199 56 175 90 165 183 226 72 253 147 162 97 21 98 228 246 39 15 169 230 172 180 214 173
246 86 205 162 201 150 151 141 92 69 26 153 237 194 158 191 180 49 185 59 237 90 192 157 219 198 107 17 95 3 77 231 138 238 65 125 220 33 115 142 254 204 45 137 33 147 123 3 250 72 230 194 100 136 208 34 148 167 28 170 146 225 87 170 74 187 234 53 83 162 23 65 117 21 57 214 91 246 50 10 8 214 210 37 143 69 176 205 18 137 87 129 253 205 22 46 165 140 126 215
159 224 199 112 127 7 38 114 107 30 77 82 131 126 181 84 189 73 209 237 139 231 75 166 139 44 253 178 129 85 61 184 102 137 161 109 204 176 106 16 84 30 173 91 142 6 222 4 109 179 120 83 173 223 187 112 86 196 90 122 54 173 1 237 4 46 19 11 130 192 22 165 78 240 133 171 56 214 48 47 211 134 61 85 22 54 128 249 177 65 200 76 143 209 181 84 134 192 222 160
58 14 199 242 68 243 94 201 136 127 32 17 89 40 141 77 215 207 132 161 35 178 185 241 205 161 218 11 47 28 28 9 128 15 53 117 87 231 19 67 248 176 56 171 155 99 170 151 250 57 71 136 226 139 244 59 35 34 134 243 245 123 180 165 86 227 169 241 88 242 210 41 246 64 152 69 106 229 166 151 248 32 92 149 96 162 19 250 58 248 95 55 6 126 232 90 49 74 128 114
208 157 35 143 101 42 241 101 74 68 237 50 193 216 105 242 60 53 2 7 46 116 34 63 59 43 201 140 121 42 171 63 124 87 89 143 26 137 138 216 114 241 59 80 57 89 43 14 202 97 131 57 141 129 159 187 170 105 63 42 140 138 175 236 73 238 35 196 94 35 189 51 209 74 31 223 53 188 112 152 23 170 46 241 94 55 186 31 153 5 130 33 186 152 39 203 92 28 128 209
113 218 247 198 8 13 254 83 255 66 29 138 94 120 234 20 152 202 237 34 131 174 37 102 202 165 63 246 13 245 68 217 5 58 62 47 104 218 20 160 217 203 40 29 146 150 246 5 38 154 195 190 22 250 135 112 243 38 55 200 228 251 21 6 189 240 164 71 252 187 106 191 118 97 28 78 87 52 228 174 105 37 220 179 179 98 225 60 101 51 102 97 165 141 113 130 56 80 213 178
2 153 226 175 123 45 152 96 137 100 154 2 53 14 237 133 115 192 189 73 189 9 53 165 67 114 40 128 254 77 17 84 230 65 178 113 5 253 209 89 51 31 82 112 82 30 63 249 159 215 123 26 19 10 34 190 98 82 219 180 24 3 166 86 209 230 98 139 33 71 14 4 151 64 25 111 251 192 45 157 182 74 204 183 110 185 61 150 97 186 5 214 118 174 127 165 26 160 78 7
83 159 41 110 44 5 207 123 225 6 166 189 107 33 183 44 204 66 44 222 205 157 239 164 133 50 147 116 77 232 40 113 18 67 145 233 26 19 174 147 168 33 49 238 164 201 24 136 159 111 167 11 109 208 59 221 35 147 242 54 43 29 242 219 201 15 76 12 191 113 61 56 105 234 101 9 251 19 30 95 202 51 125 83 181 140 92 199 160 124 190 165 40 1 10 220 215 7 110 50
173 10 217 241 174 222 110 37 64 178 200 73 168 160 15 53 82 238 153 44 69 59 173 190 108 58 24 142 16 81 164 118 169 174 54 75 121 30 14 35 117 191 114 225 133 242 209 110 163 122 15 85 74 194 137 67 86 210 31 142 185 58 45 62 173 17 89 209 60 106 150 166 207 56 68 72 162 5 206 132 61 18 45 149 222 166 177 184 116 58 115 251 143 174 93 45 230 199 27 24
96 44 113 23 186 123 61 159 53 217 162 191 102 255 183 64 34 35 151 103 13 67 189 255 192 67 26 175 182 208 170 181 194 113 27 158 213 78 175 18 229 148 255 44 27 114 196 175 45 147 65 219 22 34 122 66 111 174 223 114 50 10 137 197 176 230 163 173 114 215 67 71 81 253 170 153 9 123 194 190 137 124 201 232 190 114 251 112 52 75 189 103 36 182 14 101 112 99 175 246
23 166 242 242 10 132 252 156 149 14 111 207 51 1 94 35 230 179 228 188 153 24 215 198 9 254 224 184 58 93 118 240 253 42 139 70 146 56 99 141 88 6 95 198 30 237 194 99 161 70 47 220 157 182 100 135 20 109 127 228 56 111 197 86 23 182 177 121 103 78 96 7 27 158 122 12 47 175 203 71 184 114 166 10 52 241 46 106 168 241 188 22 139 92 251 40 4 133 220 72
241 31 135 107 95 123 123 140 66 88 228 48 169 224 110 130 68 176 149 240 97 95 62 121 72 134 15 168 28 176 86 242 22 167 131 93 88 32 243 184 163 29 12 66 162 161 248 7 40 131 142 97 11 237 253 194 246 117 134 94 231 186 187 187 39 10 145 70 235 119 197 133 149 216 82 102 137 38 144 94 176 29 157 196 40 57 73 41 19 213 253 21 168 7 3 106 110 9 130 80
183 78 42 234 79 137 223 202 246 69 208 209 31 211 224 233 237 191 65 229 139 246 167 220 78 95 112 77 169 15 60 237 137 85 172 102 120 80 237 97 55 57 169 174 171 164 7 99 69 228 221 56 197 77 70 7 1 237 160 48 137 41 54 81 230 35 172 119 49 244 202 93 75 32 226 197 127 171 209 135 204 240 102 226 153 112 50 43 154 197 128 233 50 7 127 243 133 48 93 164
139 94 216 57 102 124 146 111 187 45 153 239 85 15 249 172 210 28 88 37 169 216 84 208 190 253 57 144 208 90 72 245 140 28 15 49 241 53 167 2 115 17 201 122 227 205 137 95 50 177 56 20 113 1 49 191 58 8 24 41 105 226 71 246 174 96 118 71 138 147 97 221 43 224 225 201 179 161 92 202 233 50 103 218 231 249 4 151 38 65 229 129 162 238 139 57 222 1 174 192
1 71 84 98 224 202 243 68 49 96 138 192 36 199 140 160 55 228 10 187 120 233 254 160 4 136 23 208 129 246 232 165 217 225 105 247 130 36 168 19 252 199 130 24 124 62 228 207 189 197 86 147 153 104 85 83 72 157 68 87 106 97 107 67 203 91 95 6 113 225 59 37 238 245 7 172 1 133 192 25 143 5 80 139 229 68 110 169 96 125 188 104 228 128 145 171 198 139 68 249
135 159 249 45 142 110 172 91 56 175 131 110 113 238 178 145 175 43 227 120 238 223 129 165 174 188 199 52 231 51 126 71 141 27 199 160 153 24 221 8 25 118 39 135 223 179 11 27 186 237 98 86 75 92 101 51 121 30 19 244 6 114 70 226 68 57 30 184 129 63 87 24 15 181 54 223 135 231 189 159 192 1 43 33 2 113 145 185 107 209 7 203 39 209 41 197 93 127 6 245
109 146 171 119 123 235 209 181 203 132 128 153 237 253 19 120 81 127 1 228 30 44 207 90 139 58 7 238 128 154 33 151 181 165 192 21 49 62 174 13 66 228 94 136 101 33 131 191 45 205 130 104 160 33 170 132 32 123 148 95 199 214 32 166 104 240 208 225 121 244 148 44 55 74 54 113 58 75 250 31 62 132 187 116 116 203 105 242 139 198 218 154 68 168 203 107 69 205 232 85
15 250 223 158 167 217 58 92 118 2 10 5 94 176 35 70 144 105 243 21 166 51 182 46 246 38 126 116 195 252 233 106 162 96 127 179 70 153 242 210 149 110 212 30 157 67 131 151 93 219 67 154 251 185 217 37 215 11 168 20 141 162 11 32 215 89 249 126 250 119 184 102 138 219 150 225 64 147 127 41 57 41 102 120 77 59 199 18 82 182 204 224 253 195 214 247 71 189 229 213
222 196 60 169 58 188 155 134 60 217 137 192 118 123 254 232 15 120 216 10 68 42 130 179 41 78 40 121 124 138 240 214 65 179 127 180 123 38 196 8 191 179 232 39 219 33 68 231 106 25 59 166 129 142 244 172 211 16 179 174 119 220 218 93 35 222 216 163 30 79 8 39 167 35 57 40 162 138 254 183 185 165 238 7 81 172 99 171 118 61 253 39 173 122 246 142 61 193 116 21
98 23 237 232 136 140 107 148 121 206 143 93 16 141 73 75 237 117 160 216 63 236 96 117 5 76 46 81 120 59 207 173 123 252 149 20 42 184 66 65 1 167 229 160 49 35 242 25 134 122 149 156 16 153 137 47 91 219 125 208 244 18 62 20 20 165 173 53 135 214 85 7 80 114 137 143 21 156 232 27 63 242 187 166 126 164 122 238 126 218 116 251 131 237 102 244 73 219 125 156
208 247 146 193 114 50 21 123 104 149 122 125 173 57 35 232 211 208 10 213 180 155 56 7 171 218 67 126 44 11 93 94 232 16 182 210 98 12 181 249 139 138 77 116 93 204 238 152 13 68 96 3 180 24 254 103 39 73 162 102 65 196 59 82 103 122 215 158 21 200 47 99 147 223 218 178 77 81 213 49 220 139 125 32 171 234 151 216 101 141 169 98 129 61 150 149 25 114 92 15
111 216 86 85 200 89 239 115 240 140 37 238 166 22 49 212 56 83 224 218 136 96 76 47 89 205 8 7 123 155 255 14 203 76 22 49 167 164 171 116 174 105 185 213 6 182 34 83 238 182 79 176 231 94 87 13 171 115 181 204 67 122 212 142 247 217 236 27 223 205 5 247 226 120 135 170 200 38 201 203 216 156 107 97 140 8 104 62 76 78 94 203 88 119 187 132 181 218 108 124
215 72 194 193 218 106 23 120 238 125 246 244 240 48 80 183 181 192 241 11 5 165 209 51 85 97 109 105 186 77 60 3 40 232 3 28 90 150 130 13 174 61 73 139 39 66 176 195 213 81 61 63 144 222 120 114 10 105 246 55 178 83 21 160 154 108 54 85 24 120 248 250 240 74 56 75 222 197 78 214 20 103 225 42 36 9 72 60 121 36 182 114 185 178 197 136 50 239 160 63
191 175 189 24 212 233 13 120 114 84 3 138 201 17 208 31 96 85 81 11 220 139 96 156 227 85 49 181 34 118 92 174 239 125 41 126 42 200 229 90 171 167 186 183 6 196 203 246 224 23 50 153 30 252 251 64 181 73 77 99 84 101 84 253 59 202 165 13 246 244 180 186 75 160 116 127 140 217 105 12 50 73 34 231 221 58 229 232 41 65 163 148 226 135 202 137 42 159 178 100
245 227 190 104 6 194 71 195 209 141 22 64 84 134 232 185 238 103 205 166 172 17 211 14 33 13 84 180 182 46 100 235 19 107 29 53 131 183 216 44 129 127 14 243 61 145 101 153 216 144 55 17 162 180 15 88 146 5 89 227 79 71 223 78 112 198 190 248 223 200 230 35 121 179 102 17 86 206 8 208 86 159 122 188 96 72 155 64 111 231 22 129 88 98 225 247 226 150 101 14
169 104 65 216 77 20 5 3 252 70 213 241 89 104 193 74 48 143 212 215 36 144 156 123 166 153 185 27 117 221 166 210 230 167 76 63 195 235 164 56 128 38 104 78 3 32 14 215 208 238 39 116 81 60 209 66 9 45 202 175 228 4 234 42 14 193 127 15 85 235 83 38 39 189 109 1 44 222 51 10 115 240 23 46 203 14 236 203 186 127 140 238 35 211 242 122 13 16 104 67
178 168 245 67 41 131 37 100 96 163 89 138 189 195 57 226 28 11 122 147 240 23 136 214 212 252 205 174 194 147 38 153 188 26 65 139 53 17 229 152 94 205 123 134 74 57 184 52 253 32 221 20 209 159 223 169 211 19 98 53 130 238 110 150 138 157 192 253 233 160 153 3 153 165 232 45 167 69 83 134 99 153 73 82 248 230 69 236 173 14 106 1 22 235 136 255 231 241 83 31
222 21 58 75 186 82 70 52 214 5 91 130 238 42 198 81 243 225 255 108 164 199 242 137 182 117 81 98 81 188 43 246 154 241 220 220 155 225 11 83 79 180 56 22 123 232 178 155 199 37 107 53 45 1 95 71 152 155 56 12 123 133 80 16 156 97 165 232 206 70 131 199 249 54 98 242 147 80 190 63 107 235 118 25 240 93 227 59 219 19 193 144 74 186 155 122 211 49 76 98
20 210 79 210 180 144 105 13 248 62 238 205 199 23 165 174 206 98 11 229 154 177 134 70 90 42 189 202 165 79 159 3 101 67 97 56 209 107 238 158 31 244 27 92 63 166 142 207 214 253 178 79 223 244 178 201 122 10 184 23 108 83 1 197 109 181 3 64 24 150 42 163 48 155 114 133 33 68 220 28 206 125 140 129 44 251 7 121 170 114 99 123 116 116 228 107 140 168 78 57
64 3 227 94 134 187 115 229 181 184 207 116 49 149 29 12 243 12 86 120 36 94 231 24 253 144 85 118 84 3 52 113 248 199 251 211 181 68 243 159 57 116 60 253 42 93 192 255 31 11 138 46 79 175 197 17 191 168 110 49 142 14 119 63 100 29 227 76 126 8 155 88 218 10 135 37 155 206 35 245 136 6 31 196 77 43 207 140 224 96 227 167 54 246 49 123 152 226 161 85
92 60 105 185 187 174 173 150 156 203 198 135 2 173 164 45 110 247 172 55 127 2 247 168 249 208 76 130 31 152 207 64 122 251 44 241 243 191 62 68 116 150 129 83 205 85 191 153 57 35 214 64 171 122 133 73 189 14 137 52 119 102 28 35 57 198 137 177 142 59 220 228 161 86 124 124 37 242 40 128 233 156 30 92 108 89 248 97 152 11 250 117 145 21 202 85 46 124 249 174
11 195 191 115 213 150 182 40 52 165 41 29 236 57 163 65 184 212 213 13 215 130 136 47 84 18 48 117 33 229 202 36 219 32 50 172 118 198 1 131 26 43 164 239 103 49 222 172 127 69 174 45 248 24 112 206 154 240 182 100 142 172 156 204 231 187 147 20 29 58 1 187 234 104 142 187 172 33 27 93 32 39 173 228 48 80 191 67 49 229 221 70 40 221 99 237 137 164 89 237